0
10001
10002
10003
10004
10005
10006
10007
10009
10011
10012
10013
10014
10015
10017
10019
10020
10022
10023
10028
10029
1003
10030
10031
10033
10034
10035
10036
10037
1004
10041
10042
10043
10044
10046
10047
10048
10049
1005
10051
10057
10058
10059
1006
10060
10061
10062
10064
10067
10068
10069
1007
10070
10071
10072
10074
10075
10077
10078
10079
1008
10080
10081
10082
10083
10085
10086
10087
10088
10089
10090
10092
10093
10094
10095
10096
10098
10099
101
1010
10103
10105
10107
10109
1011
10110
10111
10112
10114
10115
10116
10117
10119
10121
10122
10123
10124
10127
10128
10130
10133
10134
10136
10142
10143
10144
10145
10148
10154
10155
10157
10158
1016
10161
10162
10166
10167
10170
10172
10174
10175
10178
1018
10180
10182
10184
10185
10186
10189
10190
10192
10195
10196
10197
10198
1020
10200
10202
10203
10204
10207
1021
10210
10211
10213
10215
10218
10219
1022
10220
10221
10222
10223
10224
10225
10227
10228
10229
1023
10230
10231
10232
10233
10235
10237
10239
1024
10241
10242
10243
10244
10245
10246
10247
10248
10249
1025
10250
10251
10253
10254
10255
10256
10257
10259
10260
10261
10262
10264
10265
10266
10267
10269
1027
10270
10271
10272
10274
10276
10277
10278
1028
10280
10281
10282
10283
10284
10285
10288
10289
1029
10290
10291
10292
10293
10294
10295
10296
10297
10299
1030
10301
10302
10303
10306
10308
10309
1031
10310
10311
10312
10315
10316
10319
10321
10322
10323
10324
10325
10328
10329
1033
10330
10331
10332
10333
10334
10335
10336
10339
1034
10340
10342
10343
10344
10346
10348
10349
10350
10352
10353
10356
10358
10359
10361
10362
10364
10366
10367
10368
10369
10370
10371
10374
10376
10377
10378
10379
1038
10380
10382
10383
10384
10385
10388
10389
1039
10390
10391
10392
10393
10394
10395
10397
1040
10402
10403
10405
10407
10409
1041
10411
10413
10414
1042
10422
10423
10427
10428
10430
10431
10433
10434
10435
10436
10438
10439
10443
10445
10446
10447
10448
10449
1045
10450
10451
10453
10455
10457
10459
10462
10463
10464
10465
10466
10467
1047
10471
10472
10473
10474
10475
10477
10478
10479
1048
10480
10483
10484
10485
10488
10489
1049
10491
10492
10493
10494
10497
10498
10499
105
1050
10501
10503
10504
10505
10507
10508
10509
1051
10510
10511
10512
10513
10514
10515
10519
10520
10521
10524
10528
1053
10530
10532
10533
10536
10538
10541
10542
10543
10545
10546
10547
10548
10549
10550
10552
10557
10558
10559
1056
10560
10561
10564
10565
10566
10571
10572
10573
10575
10577
10578
10580
10582
10584
10586
10587
1059
10591
10594
10596
10598
1060
10600
10601
10602
10603
10604
10605
10607
10608
10609
10610
10613
10614
10616
10617
10618
10619
10620
10622
10623
10624
10625
10629
1063
10630
10631
10632
10633
10639
1064
10640
10644
10645
10647
10648
10649
1065
10653
10658
1066
10661
10662
10663
10664
10665
10666
10667
10668
10669
1067
10670
10672
10673
10674
10675
10677
10678
10680
10682
10683
10684
10685
10687
10688
1069
10690
10691
10692
10693
10694
10695
10696
10699
107
1070
10700
10705
10707
10708
10709
1071
10710
10711
10712
10713
10714
10715
10716
10719
1072
10720
10726
10727
10728
10732
10735
10737
10738
10739
1074
10740
10742
10744
10745
10746
10747
10748
10749
1075
10753
10755
10756
10757
10759
1076
10761
10762
10763
10764
10769
1077
10771
10773
10778
10779
10780
10781
10784
10785
10786
10789
1079
10790
10791
10792
10793
10794
10797
10798
1080
10800
10802
10807
10809
1081
10812
10814
10816
10817
10818
10819
1082
10820
10822
10824
10825
10826
10827
10828
10831
10833
10835
10836
10837
10838
10839
1084
10841
10842
10843
10844
10845
10847
10848
10849
10850
10851
10853
10857
10859
1086
10860
10862
10864
10865
10866
10871
10873
10874
10875
10877
10878
10879
10880
10881
10883
10887
10888
10889
10890
10891
10892
10894
10897
10899
1090
10901
10903
10905
10906
1091
10912
10913
10917
10918
10919
10922
10923
10925
10926
10927
10929
1093
10930
10931
10932
10933
10936
10937
10938
10939
1094
10940
10942
10948
10950
10952
10955
10958
10959
1096
10962
10963
10964
10967
10970
10971
10972
10973
10976
10977
10978
10979
1098
10980
10981
10983
10985
10989
1099
10990
10991
10993
10994
10995
10996
10998
11
1100
11000
11001
11003
11004
11006
11007
11008
11009
1101
11010
11012
11014
11015
11016
11017
11019
11021
11022
11024
11026
11027
11028
1103
11031
11032
11034
11035
11036
11038
11039
11040
11041
11042
11043
11044
11045
11046
11047
11048
1105
11050
11051
11053
11055
11057
11058
1106
11061
11062
11063
11064
11068
11069
1107
11071
11072
11075
11076
11077
11079
11080
11082
11085
11086
11087
11088
11090
11091
11093
11094
11095
11096
11097
11098
11099
11101
11102
11104
11107
11109
1111
11112
11114
11115
11116
11117
11118
11119
1112
11121
11122
11124
11125
11126
11128
1113
11131
11132
11137
11138
11139
11140
11145
11146
11147
1115
11150
11151
11152
11153
11155
11156
11157
11160
11161
11162
11163
11167
11168
11169
1117
11170
11171
11173
11175
11177
11178
11179
1118
11180
11181
11183
11186
11188
11189
1119
11192
11195
11196
11197
11198
11199
112
1120
11200
11202
11206
11207
11208
11209
11211
11213
11214
11215
11216
11218
1122
11220
11221
11222
11224
11225
11226
11227
11228
11230
11232
11234
11235
11236
11237
11238
11239
1124
11241
11242
11243
11244
11245
11248
11249
1125
11250
11252
11253
11254
11255
11258
11259
11260
11261
11262
11263
11264
11265
11266
11267
1127
11272
11273
11275
11278
1128
11282
11283
11284
11285
11287
11288
11289
1129
11292
11293
11294
11295
1130
11301
11303
11305
11306
11307
11309
1131
11310
11312
11313
11314
11317
11318
11319
1132
11321
11322
11323
11325
11327
11328
1133
11330
11331
11332
11334
11335
11336
11337
11338
11339
11341
11342
11345
11346
11349
11350
11351
11352
11353
11354
11355
11356
11357
11358
1136
11361
11362
11363
11364
11367
11368
11369
1137
11370
11372
11374
11376
11377
11380
11381
11382
11384
11385
11389
1139
11390
11395
11397
114
1140
11400
11402
11404
11405
11406
11407
11408
11409
1141
11410
11412
11416
11418
1142
11421
11423
11424
11426
11428
11429
11430
11432
11433
11434
11437
11439
1144
11440
11442
11443
11446
11447
11448
1145
11450
11451
11453
11454
11455
11458
11459
11460
11461
11463
11464
11465
11466
11467
11468
11469
1147
11470
11471
11472
11473
11474
11476
11477
11478
11479
1148
11482
11485
11487
11488
11489
11490
11491
11492
11494
11495
11496
11499
115
1150
11500
11501
11503
11504
11506
11507
11509
11510
11512
11514
11515
11516
11517
11518
11519
1152
11520
11522
11523
11524
11525
11527
11528
11529
11530
11531
11532
11533
11534
11535
11536
11537
11538
11539
1154
11540
11541
11543
11544
11545
11548
1155
11550
11553
11554
11556
11561
11562
11565
11566
11567
11568
11569
1157
11570
11571
11574
11575
11577
11580
11582
11583
11584
11587
11588
11589
1159
11591
11592
11594
11597
11598
11600
11604
11605
11606
11611
11612
11613
11614
11616
11619
11620
11621
11622
11624
11627
11628
11629
1163
11631
11632
11633
11634
11636
11637
1164
11640
11641
11643
11644
11645
11646
11648
11649
1165
11651
11653
11655
11656
11658
1166
11660
11661
11662
11664
11665
11666
11667
11668
11671
11672
11673
11674
11675
11676
11677
11680
11682
11683
11689
1169
11690
11691
11694
11695
11696
11698
117
1170
11700
11703
11705
11706
11708
11709
11710
11711
11712
11713
11715
11716
11717
11719
11720
11722
11725
11728
1173
11731
11732
11735
11736
11737
11738
1174
11742
11743
11744
11746
11747
11750
11752
11753
11754
11755
11756
11757
11758
11759
11760
11761
11765
11768
11770
11774
11775
11777
11779
1178
11782
11783
11784
11785
11786
11788
11789
1179
11791
11792
11793
11794
11797
11799
118
1180
11804
11805
11806
11807
11808
11810
11812
11814
11815
11816
11817
11819
11820
11821
11822
11823
11824
11825
11827
11829
11830
11831
11833
11835
11836
11837
11838
11840
11842
11843
11844
11846
11847
11848
11849
1185
11850
11852
11856
11859
11860
11861
11862
11864
11866
11867
11868
11870
11871
11872
11873
11874
11876
11877
11879
1188
11880
11884
11885
11886
11888
1189
11890
11892
11893
11894
11895
11896
11897
11898
11899
119
1190
11900
11901
11902
11903
11904
11906
11907
11908
11909
1191
11910
11913
11915
11917
11918
11919
11921
11922
11923
11925
11927
11928
11929
11932
11933
11934
11935
11936
11937
11938
11939
1194
11941
11942
11943
11944
11945
11946
11948
11949
1195
11950
11952
11953
11955
11956
11957
1196
11960
11961
11963
11964
11965
11967
11969
11970
11973
11974
11975
11976
11977
11978
11979
1198
11981
11982
11983
11985
11988
11989
1199
11990
11992
11994
11995
11996
11997
11998
11999
12
120
1200
12000
12002
12003
12004
12005
12007
12009
1201
12011
12012
12015
12018
12019
1202
12020
12021
12022
12023
12025
12027
1203
12035
12037
12040
12042
12044
12045
12046
12047
12048
12049
1205
12050
12051
12052
12053
12054
12056
12058
12059
12060
12067
12068
1207
12070
12071
12072
12076
12078
1208
12080
12081
12082
12083
12084
12085
12086
12087
12088
12089
12090
12091
12092
12093
12094
12096
12097
12098
121
1210
12101
12102
12103
12104
12105
12108
12109
1211
12111
12112
12113
12114
12116
12119
1212
12120
12121
12122
12124
12125
12126
12127
12128
12129
1213
12130
12132
12133
12136
12137
12139
1214
12141
12142
12143
12144
12145
12146
12148
12149
12154
12155
12159
12160
12163
12164
12166
12167
12168
12169
1217
12171
12172
12173
12174
12176
12177
12178
12179
1218
12180
12182
12183
12185
12186
12188
12189
12191
12192
12193
12194
12195
122
12201
12202
12206
12207
12208
12212
12213
12217
12218
12219
12220
12222
12223
12225
12226
12227
12228
12229
12230
12231
12233
12235
12236
12237
1224
12240
12243
12244
12246
12249
1225
12250
12251
12253
12255
12256
12257
12258
12259
1226
12260
12263
12264
12267
12268
12269
12271
12272
12273
12275
12278
12279
1228
12284
12288
12290
12291
12293
12294
12295
12296
12297
12298
12299
123
1230
12301
12302
12303
12307
12309
1231
12310
12314
12318
12319
12321
12322
12323
12324
12325
12327
12328
1233
12330
12331
12332
12334
12335
12337
12338
12339
1234
12340
12341
12342
12343
12345
12346
12348
12349
1235
12350
12351
12352
12354
12355
12356
12358
12359
1236
12361
12364
12365
12366
12368
12373
12374
12376
12377
12378
12381
12382
12384
12385
12386
12387
12388
1239
12392
12396
12397
12398
12399
124
1240
12400
12402
12405
12406
1241
12410
12413
12417
12418
1242
12420
12422
12424
12425
12426
12427
12428
12431
12435
12438
12439
1244
12440
12441
12442
12444
12445
12446
12450
12451
12452
12453
12454
12456
12458
12459
1246
12460
12463
12464
12465
12467
12468
12469
12470
12471
12473
12474
12475
12476
12479
12480
12481
12482
12483
12486
12487
12488
12489
12490
12491
12494
12495
12496
12499
125
1250
12500
12502
12503
12505
12507
12508
1251
12510
12516
12517
12518
12519
12520
12523
12529
12530
12531
12532
12533
12538
12539
1254
12541
12542
12543
12544
12545
1255
12552
12554
12555
12556
12557
12558
12560
12561
12562
12563
12567
12569
1257
12570
12571
12572
12574
12575
12576
1258
12580
12581
12583
12588
12591
12593
12594
12595
12596
12597
12599
126
1260
12600
12601
12602
12606
12607
12608
12609
12610
12611
12613
12615
12616
12617
12619
12620
12622
12623
12625
12628
12629
1263
12630
12631
12633
12636
12637
12638
1264
12640
12642
12643
12645
12647
12649
1265
12650
12651
12656
12658
12659
1266
12660
12661
12662
12663
12668
12669
1267
12670
12671
12673
12674
12676
12678
1268
12681
12682
12683
12684
12685
12688
1269
12690
12691
12692
12693
12696
12697
12698
12699
127
1270
12700
12702
12703
12704
12705
12708
12709
1271
12710
12711
12712
12713
12714
12715
12717
12718
12719
1272
12720
12724
12725
12726
12727
12728
12729
12731
12732
12733
12734
12735
12736
12737
12738
12739
1274
12740
12742
12743
12745
12746
1275
12751
12752
12753
12754
12755
12756
12758
1276
12760
12761
12763
12764
12766
12769
1277
12770
12772
12773
12774
12775
12776
12777
12780
12781
12783
12784
12785
12786
12787
12788
12789
1279
12790
12792
12794
12795
12796
12797
12799
128
12802
12804
12805
12806
12807
12808
12810
12812
12813
12814
12815
12816
12818
12819
1282
12821
12822
12823
12824
12825
12826
12828
12833
12834
12835
12836
12838
12839
12842
12843
12846
12847
12848
12849
1285
12851
12853
12856
12857
1286
12861
12863
12866
12868
12869
12871
12872
12873
12874
12875
12876
12878
12879
12880
12881
12883
12884
12885
12886
1289
12891
12892
12893
12895
12896
12898
12899
1290
12900
12902
12904
12905
12906
12907
12908
12909
1291
12910
12912
12915
12917
12918
12919
1292
12920
12921
12922
12924
12925
12927
12928
12929
1293
12932
12934
12936
12938
12939
12940
12943
12944
12945
12946
12947
12948
12949
1295
12950
12951
12954
12955
12956
12957
12958
1296
12960
12961
12963
12964
12965
12966
12967
12972
12974
12976
12977
12978
12979
1298
12981
12982
12985
12987
12989
1299
12992
12993
12994
12995
12996
12997
12998
13
130
13001
13003
13005
13006
13007
13008
13012
13013
13014
13015
13018
13019
1302
13020
13021
13022
13023
13024
13025
13031
13033
13036
13037
13038
13039
1304
13043
13045
13046
13049
1305
13050
13052
13053
13054
13055
13059
13064
13065
13066
13067
13069
1307
13071
13073
13074
13075
13077
13078
1308
13080
13082
13083
13084
13085
13086
13088
13091
13092
13093
13094
13095
13099
131
1310
13101
13102
13103
13105
13107
13109
1311
13110
13115
13116
13117
13118
13119
13122
13123
13124
13125
13126
13128
13129
13132
13135
13136
13137
13139
13141
13142
13143
13144
13147
13148
13149
1315
13150
13151
13152
13153
13154
13155
13156
13157
1316
13163
13164
13166
13167
13168
13169
1317
13173
13174
13176
13177
13179
1318
13180
13182
13183
13184
13185
13187
1319
13190
13192
13193
13194
13195
13197
13198
13199
132
1320
13200
13201
13202
13203
13204
13205
13206
13207
13208
13209
1321
13212
13214
13216
13217
13218
13219
13221
13222
13223
13224
13225
13226
13227
13229
1323
13230
13231
13232
13234
13236
13238
13239
1324
13242
13243
13246
13247
13249
1325
13250
13251
13252
13255
13256
13257
13258
13260
13261
13262
13263
13265
13267
13268
13273
13274
13275
13276
13279
1328
13280
13281
13283
13284
13285
13286
13287
13288
13289
1329
13292
13293
133
1330
1331
1333
1334
1335
1336
1337
1338
1339
1340
1343
1344
1346
1347
1348
1349
135
1351
1352
1353
1354
1355
1356
1359
1360
1361
1363
1364
1365
1367
1370
1373
1375
1376
1377
1378
1379
1380
1381
1382
1383
1385
1386
1387
1388
1389
139
1391
1392
1394
1395
1396
1398
1399
1400
1401
1402
1403
1405
1407
1408
1409
141
1410
1411
1413
1415
1416
1418
142
1420
1425
1426
1428
1429
1430
1432
1433
1434
1435
1436
1437
1439
1440
1442
1443
1444
1445
1446
1447
1448
1449
1451
1453
1455
1456
1457
1458
1459
146
1460
1462
1463
1464
1465
1466
1467
1468
1469
147
1470
1471
1474
1475
1477
1481
1485
1486
1487
1489
1490
1491
1495
1496
1498
1499
1503
1507
1508
1509
151
1510
1511
1512
1513
1516
1517
1519
1520
1522
1524
1525
153
1531
1533
1534
1535
1536
1539
154
1541
1542
1543
1544
1545
1548
155
1550
1551
1553
1554
1556
1558
1559
156
1561
1562
1563
1565
1566
1567
1569
157
1570
1572
1573
1574
1575
1576
1577
1578
1579
1580
1581
1582
1583
1585
1586
1587
1588
1590
1591
1593
1594
1595
1596
1597
1598
160
1600
1604
1607
1609
1611
1613
1616
1617
1618
1620
1621
1623
1624
1625
1626
1627
1628
163
1631
1633
1634
1636
1637
164
1640
1641
1642
1643
1644
1646
1649
165
1650
1652
1654
1655
1656
1657
1658
1659
1660
1661
1662
1663
1664
1665
1666
1667
1669
1670
1671
1672
1673
1674
1675
1676
1677
168
1680
1681
1683
1684
1685
1686
1689
169
1690
1691
1692
1693
1694
1696
1697
1698
17
1700
1702
1703
1704
1706
1707
1709
171
1710
1712
1713
1716
1717
1718
1719
1720
1721
1722
1724
1725
1729
173
1730
1732
1733
1735
1736
1737
1738
1739
174
1741
1742
1743
1744
1745
1747
175
1750
1751
1752
1756
1757
176
1760
1761
1762
1763
1767
1769
1770
1771
1772
1773
1774
1775
1776
1777
1778
1779
178
1782
1784
1786
1788
1789
179
1790
1791
1793
1795
1796
1797
180
1801
1802
1803
1805
1807
1808
1809
1810
1812
1815
1816
1817
1819
182
1821
1822
1824
1825
1826
1828
1829
183
1831
1832
1833
1834
1835
1836
1837
1838
184
1840
1841
1842
1843
1844
1846
1849
1850
1852
1853
1855
1856
1859
186
1860
1862
1863
1864
1865
1866
1867
1868
1869
187
1870
1872
1873
1876
1877
1878
1879
188
1882
1883
1884
1885
1886
1887
1891
1893
1894
1898
19
1900
1901
1906
1907
1909
1910
1913
1914
1916
1918
1919
192
1920
1921
1926
1927
1928
1929
193
1930
1932
1933
1934
1935
1938
1939
1940
1941
1943
1945
1946
1948
1949
1951
1956
1957
1958
1959
196
1961
1963
1965
1967
1968
1972
1973
1974
1975
1976
1979
1980
1981
1983
1985
1986
1987
1988
1990
1991
1992
1996
1999
2
200
2001
2003
2007
2008
2009
2010
2011
2012
2013
2014
2015
2018
2019
2024
2027
2028
2029
2031
2033
2034
2035
2036
2038
2039
2040
2045
2046
2047
2048
2049
2050
2051
2052
2053
2058
2062
2064
2065
2066
2067
2068
2069
2070
2074
2077
2078
2079
208
2080
2082
2083
2084
2085
2089
209
2090
2091
2093
2095
2096
2097
2099
210
2100
2101
2102
2104
2105
2106
2108
2111
2112
2114
2115
2116
2118
2119
2120
2122
2124
2125
2126
2127
2128
2131
2132
2135
2136
2138
2139
214
2141
2143
2144
2145
2148
215
2151
2153
2155
2156
216
2162
2165
2167
2169
217
2170
2171
2173
2174
2175
2177
2178
2179
2181
2182
2183
2184
2185
2186
2188
2191
2192
2193
2194
2196
2198
220
2201
2202
2203
2205
2208
221
2210
2211
2212
2214
2215
2217
2224
2226
2227
2228
2229
2230
2231
2233
2239
224
2241
2242
2243
2244
2246
2248
2252
2254
2255
2256
2257
2258
2259
2261
2263
2265
2267
2268
2269
2270
2271
2272
2276
2277
2278
2279
228
2280
2281
2282
2283
2285
2286
2288
2290
2291
2294
2296
2297
2298
2301
2302
2304
2306
2307
231
2314
2318
2321
2322
2324
2326
2328
2329
233
2332
2334
2335
2336
2337
2338
2339
234
2341
2343
2344
2345
2346
2347
2348
2349
235
2350
2351
2352
2353
2358
2359
2362
2363
2364
2365
2366
2369
2370
2371
2374
2377
2379
238
2381
2383
2384
2386
2387
2388
2389
2391
2393
2397
2398
24
240
2400
2403
2405
2408
2409
2410
2411
2413
2414
2416
2417
2418
2421
2424
2425
2427
2429
2431
2433
2434
2435
2436
2437
2438
2439
2440
2441
2443
2445
2447
2450
2451
2452
2454
2456
2458
246
2460
2461
2462
2463
2464
2465
2468
2469
247
2470
2471
2472
2473
2475
2476
2477
2478
2479
248
2484
2485
2486
2490
2491
2492
2493
2494
2495
2496
2497
2498
2499
2504
2505
2506
2507
2508
2510
2513
2515
2516
2518
2519
252
2521
2523
2524
2525
2526
2528
2529
253
2530
2531
2532
2533
2534
2535
2536
2537
2538
2539
254
2540
2541
2543
2546
2547
2548
2549
255
2550
2552
2553
2554
2555
2556
2558
2560
2561
2562
2563
2568
2569
257
2570
2571
2572
2577
258
2580
2581
2584
2586
2588
2589
259
2591
2592
2593
2594
2596
2597
2598
2599
260
2601
2602
2604
2605
2606
2607
2609
261
2611
2612
2613
2614
2619
2621
2622
2623
2625
2628
2629
263
2631
2632
2633
2634
2635
2637
2638
2639
264
2640
2641
2643
2645
2646
2647
2648
265
2650
2651
2653
2654
2655
2656
266
2661
2662
2664
2668
2669
2671
2672
2673
2674
2677
268
2681
2684
2685
2686
2687
2688
2689
269
2691
2692
2693
2695
2696
2697
27
270
2700
2702
2703
2704
2705
2706
2707
2708
2709
271
2710
2712
2717
2718
2719
272
2720
2723
2724
2726
2727
2729
2732
2733
2734
2735
2736
2738
2739
2741
2743
2745
2746
2748
2749
2750
2751
2755
2757
2761
2764
2765
2767
2769
277
2770
2771
2772
2773
2775
2776
2777
2778
278
2780
2781
2783
2785
2786
2787
2789
2791
2793
2794
2795
2796
2797
2798
2799
280
2800
2801
2803
2804
2805
2807
2808
2809
281
2811
2813
2815
2817
2820
2822
2823
2824
2826
2827
2828
283
2830
2831
2832
2834
2835
2836
2837
2838
2839
284
2843
2844
2846
2848
2849
2850
2851
2852
2854
2857
2860
2861
2862
2865
2866
2867
2868
287
2870
2871
2874
2875
2876
2878
2879
288
2880
2882
2886
2888
289
2891
2893
2894
2895
2896
2898
2899
29
290
2900
2901
2902
2903
2904
2905
2907
2909
2911
2912
2914
2916
2917
2919
292
2921
2922
2924
2925
2926
2927
2928
293
2931
2932
2933
2934
2935
2936
2937
2938
294
2940
2941
2943
2944
2945
2946
2949
2950
2951
2952
2953
2955
2956
2959
296
2960
2961
2963
2964
2965
2966
2967
2968
2969
2970
2972
2974
2975
2976
2978
2979
2982
2983
2984
2985
2986
2989
2992
2993
2996
2998
2999
3
30
3002
3005
3006
3008
3009
301
3010
3013
3014
3015
3016
3017
3018
302
3020
3021
3022
3023
3024
3025
3028
3029
3030
3033
3034
3035
3038
3039
3041
3042
3043
3044
3045
3046
3049
3050
3052
3053
3054
3055
3056
3057
3059
306
3060
3061
3063
3065
3066
3068
3069
307
3070
3071
3072
3074
3076
3077
3081
3085
3087
3089
3091
3092
3095
3097
3099
310
3100
3101
3102
3103
3104
3105
311
3110
3112
3113
3114
3115
3116
3117
312
3121
3124
3125
3126
3127
3128
3129
313
3131
3133
3134
3135
3136
3141
3142
3144
3145
3146
3147
3148
3149
3151
3156
3157
3161
3162
3164
3166
3168
3169
317
3170
3171
3172
3174
3175
3176
3177
3178
3179
318
3180
3182
3183
3184
3186
3189
3190
3193
3194
3195
3196
3197
3198
3199
320
3200
3201
3202
3204
3205
3212
3213
3214
3215
3216
3218
3219
322
3220
3221
3224
3225
3226
3227
3228
3229
3230
3232
3236
3238
3239
324
3241
3242
3246
3247
325
3250
3251
3252
3253
3254
3255
3256
326
3260
3262
3263
3264
3265
3266
3269
3270
3271
3272
3273
3275
3276
3279
328
3280
3281
3282
3283
3284
3285
3286
3288
3289
329
3290
3292
3293
3296
3299
3301
3302
3303
3304
3305
3306
3307
3308
3309
331
3311
3315
3317
3319
3320
3321
3323
3324
3325
3326
3327
3329
333
3330
3331
3332
3333
3334
3336
3338
3339
334
3340
3342
3346
3348
3349
3350
3352
3356
3359
3360
3363
3365
3366
3369
337
3370
3371
3373
3375
3376
3378
3379
338
3380
3382
3383
3389
339
3390
3392
3395
3396
3397
3398
3399
3402
3403
3404
3406
3407
3408
3409
341
3410
3411
3412
3413
3415
3417
3418
3419
342
3420
3421
3424
3427
3428
343
3430
3435
3436
3437
3438
3439
344
3441
3442
3445
3446
3448
3449
345
3451
3452
3456
3459
346
3463
3464
3465
3466
3467
3468
347
3471
3473
3474
3476
3477
3478
348
3480
3482
3483
3484
3485
3486
3493
3494
3496
3497
3498
35
3500
3501
3503
3504
3505
3509
3510
3511
3512
3514
3515
3517
3518
3519
352
3521
3522
3523
3524
3525
3526
3527
3528
353
3532
3533
3535
3536
3537
3541
3542
3545
3546
3547
3548
3549
355
3550
3551
3553
3554
3555
3558
3559
3560
3564
3565
3566
3567
3569
3577
3579
358
3581
3583
3584
3585
3587
3588
359
3591
3592
3593
3594
3595
3596
3598
3599
360
3601
3603
3607
3608
3609
3611
3612
3617
3618
3619
362
3620
3621
3623
3626
3628
3629
363
3630
3633
3635
3636
3637
364
3640
3645
3648
3649
3652
3653
3657
3658
3659
3660
3661
3662
3663
3664
3665
3667
3668
3669
3670
3671
3672
3673
3674
3675
3676
3677
368
3682
3683
3684
3685
3686
3688
3689
369
3690
3692
3693
3694
3696
3697
3698
3699
370
3700
3701
3702
3703
3706
3708
371
3710
3712
3716
3717
3718
3719
372
3720
3722
3723
3725
3726
3729
373
3730
3731
3732
3735
3736
3737
3738
3741
3742
3743
3744
3745
3747
375
3751
3752
3753
3754
3756
3757
3759
376
3761
3763
3764
3765
3767
3768
377
3770
3771
3772
3773
3774
3775
3776
3777
3779
378
3780
3781
3782
3783
3784
3786
3787
3789
3790
3791
3795
3796
3797
3798
3799
380
3801
3802
3804
3805
3806
3807
3808
3809
381
3810
3811
3813
3814
3817
3818
382
3821
3822
3823
3824
3825
3829
383
3833
3834
3835
3836
3837
3838
3839
3840
3841
3845
3846
3847
3848
3849
3850
3851
3852
3856
3857
3858
3859
3860
3862
3864
3865
3866
3867
3868
3869
3870
3872
3873
3875
3876
3877
388
3882
3884
3885
3886
3887
3889
389
3890
3893
3894
3895
3896
3898
390
3902
3903
3904
3905
3906
3908
3911
3912
3915
3916
3917
3918
392
3920
3921
3922
3923
3924
3925
3926
3927
3929
393
3930
3932
3933
3934
3936
3937
3939
394
3941
3943
3944
3945
3946
3948
395
3950
3951
3953
3955
3956
3959
396
3960
3962
3963
3964
3965
3966
3967
3968
3969
3970
3972
3973
3976
3977
398
3981
3983
3984
3985
3986
3987
3988
3989
3992
3999
4
400
4000
4003
4004
4005
4006
4008
4009
401
4010
4011
4013
4014
4016
4019
402
4020
4021
4022
4024
4026
4029
4030
4031
4034
4035
4038
4039
404
4040
4041
4042
4043
4044
4046
4049
4050
4051
4053
4054
4055
4056
4057
4058
4059
406
4060
4061
4063
4064
4066
4067
4068
407
4070
4071
4072
4076
4078
408
4081
4083
4084
4086
4087
4089
409
4090
4093
4094
4095
4096
4097
4099
41
410
4103
4104
4105
4106
4107
4108
4109
411
4110
4111
4115
4117
4118
412
4120
4121
4122
4123
4124
4125
4126
4127
4128
413
4133
4134
4135
4136
4139
414
4141
4144
4145
4146
4147
415
4152
4155
4156
4158
4161
4163
4164
4166
4167
4169
417
4170
4171
4172
4173
4175
4176
4178
418
4181
4183
4185
4186
4187
4188
4189
419
4193
4194
4198
4199
4201
4203
4205
4206
4207
4208
4209
421
4211
4213
4214
4215
4216
4217
4218
4220
4222
4223
4224
4226
4227
4228
4229
423
4230
4231
4232
4234
4235
4236
4239
424
4240
4241
4243
4244
4245
4246
4247
4248
4249
425
4251
4253
4255
4256
4257
4259
4260
4264
4265
4266
4268
427
4271
4272
4274
4276
4278
4279
428
4280
4281
4283
4285
4286
4287
4288
4289
4291
4292
4293
4294
4296
4297
4298
4299
4300
4301
4304
4305
4306
4307
4308
4309
431
4310
4311
4312
4313
4314
432
4320
4324
4325
4326
4327
4328
4329
4330
4331
4332
4334
4336
4339
434
4340
4341
4342
4344
4348
435
4351
4354
4357
4358
4359
4362
4363
4364
4365
4366
4367
437
4372
4374
4376
4378
4379
4380
4381
4382
4383
4384
4387
4388
439
4392
4393
4395
4396
440
4401
4403
4404
4407
4409
441
4410
4411
4412
4413
4414
4415
4416
4417
4419
442
4420
4422
4423
4425
4426
4429
443
4430
4431
4432
4433
4435
4436
4438
4439
444
4442
4444
4445
4448
4449
445
4453
4456
4457
4459
446
4460
4462
4463
4466
4467
4468
447
4472
4473
4474
4475
4477
4478
4479
4480
4482
4483
4485
4486
4487
4488
4489
4492
4493
4494
4496
4498
450
4500
4503
4504
4505
4506
4507
4508
4509
4510
4511
4512
4515
4516
4517
4518
4519
452
4520
4521
4522
4523
4524
4526
4528
4529
453
4530
4531
4533
4534
4535
4537
4538
4539
454
4540
4541
4542
4543
4546
4548
4549
4550
4558
4559
456
4560
4561
4562
4565
4566
4568
4569
457
4570
4571
4572
4573
4574
4575
4577
4578
4579
4580
4582
4583
4584
4585
4586
4588
4589
4591
4592
4593
4594
4595
4596
4597
4599
46
4600
4602
4603
4605
4606
4607
461
4611
4612
4613
4614
4615
4616
4619
462
4620
4622
4624
4625
4627
4628
463
4630
4631
4632
4638
4639
4641
4643
4644
4646
4647
4648
465
4650
4651
4652
4653
4654
4655
4656
4657
4659
4660
4662
4663
4664
4665
4668
467
4670
4671
4672
4673
4674
4675
4676
4677
4678
4679
4681
4683
4684
4688
4689
469
4691
4692
4694
4695
4696
4697
4698
4699
47
470
4701
4702
4703
4704
4705
4707
4708
4709
4710
4711
4712
4713
4714
4715
4716
4717
4719
4720
4721
4722
4723
4724
4725
4726
4727
4728
4729
473
4730
4731
4732
4733
4734
4735
4737
4738
4739
4740
4744
4745
4748
4749
4752
4753
4755
4757
4758
4760
4762
4764
4765
4766
4767
4768
4769
4770
4771
4772
4774
4776
4778
4779
478
4783
4784
4785
4787
4788
4789
479
4790
4792
4793
4796
4797
4799
48
480
4800
4802
4804
4805
4806
481
4811
4813
4814
4815
4816
4817
4818
4819
482
4820
4821
4822
4825
4829
483
4830
4832
4833
4834
4835
4836
4838
484
4840
4841
4842
4843
4844
4845
4846
4847
4848
485
4850
4852
4853
4855
4856
4857
4858
4859
4861
4864
4865
4867
4869
4871
4873
4874
4881
4882
4883
4885
4887
4888
489
4890
4891
4892
4895
4896
4897
4899
490
4900
4901
4903
4904
4906
4907
4909
491
4910
4911
4912
4914
4915
4916
4917
4918
4921
4923
4925
4926
4929
493
4930
4931
4932
4933
4934
4936
4937
4938
4939
494
4941
4942
4943
4945
4946
4947
4948
495
4950
4952
4954
4955
4956
4957
4958
4962
4963
4964
4965
4966
4967
4969
497
4970
4971
4973
4974
4975
4977
4980
4981
4982
4984
4986
4987
4988
499
4990
4991
4993
4994
4997
4998
4999
50
5001
5004
5005
5006
5007
5009
501
5011
5013
5014
5015
5017
5018
5020
5021
5023
5024
5025
5026
5027
5028
503
5031
5032
5033
5034
5037
5038
5039
504
5040
5041
5042
5044
5046
5047
5048
5049
5050
5051
5054
5055
5056
5057
5060
5061
5062
5063
5065
5066
5067
5069
507
5070
5071
5073
5074
5075
5079
5080
5082
5084
5085
5086
5089
5090
5093
5094
5095
5098
5099
51
5101
5102
5103
5106
5107
5108
511
5110
5111
5113
5114
5116
5117
5119
5120
5121
5124
5126
5127
5129
513
5131
5134
5135
5137
5138
5139
5140
5142
5145
5146
515
5150
5152
5153
5154
5155
5156
5157
5158
516
5160
5161
5162
5165
5167
5170
5171
5173
5174
5175
5176
5178
5179
518
5182
5184
5185
5186
5188
5189
519
5190
5191
5192
5193
5194
5195
5196
5197
5198
520
5200
5201
5202
5204
5205
5209
5210
5211
5212
5213
5214
5216
5219
522
5220
5221
5222
5223
5224
5226
5227
5228
523
5232
5233
5234
5236
5237
5238
5239
524
5240
5241
5242
5244
5246
5247
525
5251
5253
5254
5255
526
5261
5263
5264
5268
5269
5270
5272
5275
5276
5277
5279
528
5280
5281
5282
5286
5287
5288
529
5290
5292
5296
5299
53
530
5300
5302
5305
5306
5307
5309
5310
5311
5312
5314
5316
5318
5319
532
5321
5322
5323
5324
5325
5327
5329
533
5330
5332
5333
5335
5336
5337
534
5340
5342
5343
5344
5346
5348
5349
535
5350
5351
5352
5355
5357
5358
5359
536
5362
5363
5364
5365
5366
5367
5368
5369
537
5370
5372
5373
5374
5375
5376
5378
5380
5383
5384
5386
5389
539
5391
5392
5393
5394
5395
5396
5397
540
5400
5403
5404
5406
5407
5409
541
5411
5414
5415
5416
5417
5418
542
5421
5422
5423
5424
5426
5427
5428
5429
543
5430
5432
5434
5437
5438
544
5440
5441
5443
5444
5445
5446
5447
5449
545
5450
5452
5453
5454
5455
5456
5457
5458
546
5460
5461
5463
5464
5465
5469
547
5470
5471
5472
5473
5475
5477
5478
5480
5481
5482
5484
5486
5487
5488
5489
5491
5495
5496
5497
5498
550
5500
5501
5502
5505
5506
5508
5509
551
5510
5511
5512
5513
5515
5517
5518
5519
552
5521
5522
5525
5526
5527
5529
5530
5531
5533
5534
5537
5539
554
5542
5543
5544
5546
5547
5550
5552
5556
5559
5561
5565
5566
5567
5568
5569
557
5570
5571
5573
5574
5576
5578
5579
558
5580
5583
5584
559
5590
5592
5593
5594
5595
5596
5597
5598
5599
56
560
5600
5601
5604
5605
5606
5607
5608
561
5611
5612
5616
5617
562
5620
5621
5622
5624
5625
5626
5628
5629
563
5633
5636
5637
5638
564
5640
5641
5643
5644
5645
5646
5647
5648
5649
5651
5652
5653
5655
5657
5658
5659
566
5661
5662
5663
5664
5665
5666
5667
5668
5669
567
5670
5671
5672
5673
5674
5675
5676
5680
5681
5684
5687
5688
5689
5690
5691
5692
5694
5695
5696
5698
57
570
5700
5701
5703
5705
5706
5708
571
5710
5711
5712
5713
5714
5717
5718
5719
5720
5721
5723
5724
5725
5726
5727
573
5730
5732
5733
5734
5735
5737
5738
574
5740
5745
5746
5748
5749
575
5750
5758
5759
5760
5763
5764
5765
5766
5767
5769
5770
5771
5772
5773
5774
5775
5776
5778
578
5780
5783
5786
5787
5788
5789
579
5790
5795
5797
5798
58
580
5800
5802
5803
5804
5806
5807
5808
5809
581
5814
5815
5817
582
5820
5821
5822
5823
5825
5827
5828
5829
583
5830
5832
5833
5834
5835
5836
5837
5838
584
5840
5842
5843
5844
5845
5847
5848
5849
585
5850
5853
5854
5855
5858
586
5860
5863
5865
5867
5868
5869
587
5870
5872
5873
5874
5877
5878
5881
5882
5883
5887
5889
589
5890
5891
5892
5894
5895
5896
5897
5899
590
5900
5901
5902
5904
5906
5907
5908
591
5911
5912
5913
5915
5917
5918
5919
592
5920
5921
5922
5924
5925
5926
5927
5928
5930
5931
5933
5934
5936
5937
5938
594
5940
5943
5944
5947
595
5950
5951
5952
5953
5956
5958
596
5960
5961
5962
5964
5965
5966
5967
5968
597
5970
5971
5972
5973
5974
598
5980
5981
5985
5988
5989
5991
5992
5993
5996
5997
5998
5999
600
6001
6004
6007
6009
6010
6011
6012
6013
6015
6016
6019
602
6020
6022
6024
6026
6027
6028
6029
6030
6032
6034
6037
6038
6039
604
6040
6041
6043
6044
6047
6049
605
6050
6051
6052
6054
6055
6057
6058
606
6060
6062
6063
6065
6066
6067
6068
6069
6070
6071
6075
6076
6077
6078
6079
6082
6084
6086
6087
6088
6089
609
6090
6091
6092
6093
6094
6095
6096
6097
6098
6099
61
610
6101
6102
6104
6106
6107
6108
611
6110
6111
6113
6115
6117
6119
612
6120
6121
6122
6126
6128
6130
6131
6134
6135
6136
6137
6138
6139
6141
6142
6144
6145
6146
6147
6148
6149
615
6153
6154
6155
6156
6157
6158
6161
6162
6163
6164
6166
6167
6168
617
6170
6173
6175
6178
6179
6180
6182
6183
6184
6185
6187
6188
6189
619
6190
6191
6192
6194
6197
62
620
6200
6203
6204
6205
6208
6211
6212
6213
6214
6216
6220
6221
6223
6227
6228
6230
6231
6233
6234
6235
6237
6239
624
6240
6241
6243
6244
6245
6246
6247
6248
625
6250
6252
6255
6256
6257
626
6261
6262
6264
6267
6269
627
6270
6271
6272
6273
6274
6275
6276
628
6280
6282
6283
6286
6287
6288
6289
629
6290
6291
6294
6297
6299
63
630
6300
6301
6302
6303
6304
6305
6307
6308
631
6313
6315
632
6320
633
6331
6332
6333
6334
6336
6337
6338
6339
634
6340
6341
6343
6345
6346
6347
6348
6349
635
6351
6354
6356
6357
6358
6359
6360
6361
6363
6364
6366
6369
6370
6372
6373
6374
6375
6376
6379
638
6380
6381
6382
6385
6386
6389
639
6390
6391
6392
6393
6396
6398
640
6401
6402
6403
6405
6406
6407
6408
6409
641
6410
6413
6414
6416
6418
6419
642
6420
6421
6422
6427
6429
6431
6432
6434
6435
6436
6437
6439
6440
6441
6442
6443
6444
6447
6449
645
6451
6452
6453
6454
6455
6456
6457
6458
6459
646
6461
6462
6463
6464
6466
6467
647
6470
6471
6472
6473
6475
6476
6478
6479
648
6480
6482
6483
6485
6486
6487
6488
6489
649
6491
6492
6493
6494
6495
6497
6498
65
650
6500
6503
6505
6507
6508
6509
651
6510
6511
6513
6515
6517
6518
6519
6520
6521
6525
6528
6529
653
6531
6532
6533
6534
6535
6536
6537
6539
654
6540
6542
6544
6545
6546
6547
6549
655
6550
6551
6552
6554
6555
6556
6557
6558
6559
6561
6566
6567
6570
6571
6572
6573
6574
6575
6576
6579
658
6583
6585
6587
6588
659
6592
6593
6595
6596
6598
6599
66
660
6601
6602
6603
6604
6605
6607
6608
6609
661
6611
6612
6613
6614
6615
6618
6619
6620
6623
6624
6625
6626
6627
6629
663
6632
6633
6634
6637
6639
6641
6642
6643
6644
6645
6647
6650
6651
6654
6655
6658
6659
666
6660
6665
6666
6669
6670
6671
6674
6675
6676
6677
6680
6681
6683
6686
6687
6689
669
6690
6691
6692
6693
6695
6698
6699
6700
6701
6702
6703
6704
6705
6708
6709
6711
6715
6716
6719
672
6721
6723
6724
6725
6726
6727
6728
6729
673
6730
6731
6732
6734
6735
6736
6737
6738
6739
674
6740
6741
6744
6745
6747
6748
675
6750
6751
6753
6755
6756
6757
676
6760
6763
6766
6767
6768
677
6770
6771
6772
6775
6776
6777
678
6780
6781
6782
6783
6786
6787
6788
6789
679
6790
6792
6795
6796
6797
6798
6799
680
6800
6801
6802
6803
6804
6805
6806
6808
6809
681
6810
6811
6813
6814
6815
6816
6817
6819
682
6820
6821
6823
6824
6829
6830
6831
6833
6834
6835
6837
6839
684
6840
6842
6845
6846
6849
685
6851
6853
6854
6857
6858
6859
686
6861
6862
6863
6866
6867
6868
6869
687
6870
6871
6872
6874
6879
6882
6884
6885
6886
6887
6888
6891
6895
6896
6897
6898
6899
69
690
6900
6901
6902
6903
6904
6906
6908
6909
691
6911
6913
6914
6915
6916
692
6920
6921
6922
6927
693
6930
6932
6937
6938
6940
6941
6942
6943
6945
6946
6947
6948
6949
695
6950
6952
6953
6954
6956
6957
6958
6959
696
6961
6963
6966
6967
6968
697
6970
6971
6972
6974
6975
6976
6979
6980
6981
6982
6983
6984
6985
6986
6987
6989
699
6990
6991
6992
6993
6994
6997
7
70
700
7004
7006
7007
7009
7010
7011
7013
7014
7015
7016
7017
7018
7019
7020
7021
7022
7026
7028
7029
7032
7034
7035
7037
7038
7039
704
7040
7043
7045
7046
7047
7048
705
7050
7051
7052
7055
7056
7058
7059
706
7060
7062
7063
7066
7068
707
7070
7071
7073
7074
7075
7077
7078
7079
7080
7082
7084
7085
7086
7087
7089
709
7092
7093
7095
7097
7098
7099
7100
7101
7102
7103
7105
7106
7107
7108
7110
7111
7112
7113
7114
7115
7117
7119
712
7121
7122
7123
7125
7126
7127
7128
7129
7130
7131
7134
7135
7136
7137
7138
714
7140
7141
7143
7144
7148
7149
715
7150
7151
7153
7154
7156
7159
716
7160
7161
7163
7164
7165
7167
7169
717
7170
7171
7172
7173
7175
7176
7178
7180
7183
7184
7185
7186
7188
7189
719
7190
7191
7193
7194
7195
7196
7198
7199
720
7200
7202
7203
7204
7205
7208
7209
721
7210
7211
7213
7214
7215
7217
7218
7219
7221
7223
7224
7225
7226
7228
7229
723
7233
7234
7235
7237
7238
724
7240
7241
7243
7246
7248
725
7250
7251
7254
7255
7256
7257
7258
726
7261
7262
7263
7264
7265
7266
7267
7268
727
7270
7271
7272
7274
7275
7279
728
7280
7282
7283
7284
7285
7286
7287
7288
7290
7292
7293
7295
7298
7299
73
730
7301
7304
7305
7308
7309
7310
7311
7312
7313
7314
7315
7317
7318
7319
732
7320
7324
7325
7326
7327
7328
7329
7332
7333
7338
7340
7341
7343
7345
7346
7347
7349
735
7350
7352
7355
7356
7357
7358
736
7361
7362
7363
7364
7365
7366
7367
7369
737
7370
7371
7372
7373
7376
7381
7382
7383
7384
7385
7387
7390
7391
7394
7397
7398
7399
74
740
7400
7401
7402
7403
7404
7405
7406
7408
7410
7412
7413
7415
7416
7417
7418
7419
7420
7421
7422
7424
7425
7429
743
7431
7433
7434
7435
7436
7437
7439
744
7440
7441
7443
7445
7446
7447
7448
745
7451
7453
7454
7457
7459
746
7461
7464
7465
7466
7468
7472
7473
748
7481
7484
7485
7487
7488
749
7490
7491
7494
7498
75
7501
7504
7505
7506
7507
7508
751
7511
7512
7514
7515
7516
7517
7518
7519
752
7521
7522
7524
7525
7526
7527
7528
7532
7536
7537
7538
7539
754
7540
7542
7543
7545
7547
7548
7549
7552
7553
7554
7556
7557
7559
756
7560
7561
7563
7564
7565
7566
7567
7569
7570
7571
7572
7574
7576
7577
7578
758
7580
7581
7582
7583
7585
7586
7587
7588
7591
7592
7593
7594
7595
7596
76
760
7600
7601
7602
7604
7605
7607
7608
7609
7610
7611
7617
7618
7621
7622
7624
7626
7627
7628
7629
763
7631
7633
7634
7635
7639
764
7640
7641
7642
7643
7644
7645
7646
7648
7649
765
7650
7651
7655
7656
7658
766
7661
7663
7666
7667
7668
7669
767
7670
7671
7672
7673
7675
7676
7677
7678
7679
7680
7681
7682
7686
7687
7688
7689
7691
7692
7693
7694
7695
7697
7698
7699
77
7700
7705
7706
7707
7708
7709
771
7710
7712
7714
7715
7717
7718
7719
772
7720
7722
7723
7724
7725
7726
7727
7729
7731
7733
7735
7736
7739
774
7740
7742
7743
7745
7748
775
7750
7751
7752
7753
7755
7756
7757
776
7760
7762
7763
7764
7767
7768
777
7770
7771
7773
7774
7777
778
7782
7784
7785
7786
7787
7788
7789
779
7791
7793
7796
7797
780
7801
7805
7806
7807
7808
7809
781
7810
7812
7816
7819
782
7820
7821
7824
7825
7826
7829
783
7830
7832
7833
7835
7838
7839
784
7840
7842
7843
7844
7848
7849
7850
7851
7852
7855
7856
7857
7858
7859
786
7862
7863
7864
7869
787
7870
7871
7872
7873
7874
7877
7879
788
7882
7883
7885
7886
7888
7890
7892
7895
7896
7897
7898
7899
79
790
7900
7902
7903
7904
7905
7908
7909
7910
7911
7912
7913
7915
7916
7919
7920
7921
7922
7923
7924
7925
7927
7928
7929
793
7930
7932
7933
7934
7935
7936
7938
7939
794
7942
7943
7944
7945
7947
7951
7954
7957
796
7961
7962
7964
7965
7966
7967
797
7971
7972
7973
7974
7975
7976
7977
7980
7981
7982
7983
7985
7987
7989
799
7990
7991
7992
7993
7996
7997
7998
7999
8
800
8000
8001
8002
8005
8006
8007
8008
801
8010
8011
8012
8013
8014
8015
8016
8019
802
8020
8021
8023
8024
8025
8029
8030
8031
8032
8035
8036
8037
8039
804
8041
8042
8045
8046
8047
8048
8049
8050
8051
8052
8053
806
8060
8062
8063
8064
8065
8066
8067
8069
807
8070
8071
8072
8073
8076
8079
808
8081
8082
8085
8086
8087
8088
8089
809
8090
8091
8092
8093
8094
8095
8097
8098
81
810
8100
8101
8104
8105
8107
8109
8110
8111
8112
8113
8114
8116
8117
8118
8119
812
8120
8122
8123
8126
8128
8132
8135
8136
8138
8139
814
8140
8143
8145
8147
8148
8149
815
8150
8151
8152
8153
8154
8155
8156
8157
8158
8159
8160
8161
8163
8165
8166
8167
817
8170
8171
8172
8173
8176
8177
8178
8179
818
8180
8181
8182
8186
8187
8189
8191
8192
8193
8196
8197
8198
8199
82
820
8202
8203
8204
8206
8207
8208
8209
821
8211
8212
8214
8215
8218
8219
822
8221
8222
8226
8227
8228
8229
823
8230
8232
8233
8234
8236
8237
8238
8239
824
8240
8241
8242
8245
8246
8247
8248
8250
8254
8256
8257
8258
8259
826
8260
8262
8265
8268
8269
827
8270
8271
8275
8276
8280
8282
8283
8285
8289
829
8290
8292
8293
8295
8298
8299
83
830
8300
8301
8302
8304
8305
8307
8309
831
8311
8316
8318
8319
8320
8321
8324
8325
8326
8329
8333
8334
8337
8339
834
8340
8343
8344
8345
8348
8349
8350
8351
8352
8353
8355
8356
8357
8358
836
8361
8362
8363
8365
8368
8369
8372
8374
8377
8378
8379
838
8380
8382
8384
8385
8388
8389
839
8390
8391
8393
8394
8395
8396
8399
84
840
8401
8405
8406
8407
8409
8410
8411
8412
8413
8415
8416
8417
8418
8419
842
8420
8421
8423
8424
8425
8427
8428
8429
843
8430
8431
8433
8435
8439
8440
8441
8445
8446
8448
8449
845
8451
8454
8455
8456
8457
8460
8463
8467
847
8471
8472
8474
8478
8479
848
8480
8481
8483
8484
8485
8486
8488
849
8490
8491
8492
8493
8494
8496
8498
8499
8500
8501
8502
8503
8504
8505
8506
851
8510
8513
8514
8515
8516
8518
8519
8523
8525
8526
8527
8528
853
8530
8531
8532
8533
8534
8535
8536
8537
8538
8539
854
8540
8541
8542
8543
8545
8546
8548
855
8550
8552
8553
8555
8557
8559
8561
8562
8564
8565
8566
8569
8571
8572
8575
8576
8577
8578
858
8580
8583
8584
8586
8587
8588
859
8592
8593
8596
8598
860
8603
8606
8609
861
8610
8611
8613
8614
8616
8617
8619
862
8620
8624
8625
8628
863
8630
8631
8632
8633
8634
8637
8639
8640
8642
8643
8644
8648
8649
8651
8653
8654
8655
8656
8657
8658
866
8660
8664
8666
8668
8671
8672
8674
8676
8677
8679
8681
8682
8684
8686
8691
8693
8694
8696
8697
8698
8699
87
8700
8702
8705
8707
8708
871
8710
8715
8716
8718
8719
872
8720
8721
8724
8725
8727
8728
8730
8732
8733
8734
8735
8736
8738
874
8741
8742
8744
8748
8749
8750
8754
8757
8758
8759
876
8760
8761
8762
8763
8766
8767
877
8770
8771
8774
8777
8778
8779
878
8781
8783
8784
8785
8786
879
8792
8795
8796
8797
8798
88
8800
8801
8802
8803
8804
8805
8806
8807
8808
881
8810
8811
8819
8820
8821
8822
8823
8824
8827
8829
883
8830
8832
8834
8835
8836
8837
8839
884
8840
8842
8843
8845
8847
8849
885
8850
8851
8852
8853
8856
8857
8858
8859
886
8860
8861
8863
8864
8865
8866
8867
8869
887
8871
8872
8874
8875
8879
8881
8882
8885
8886
8887
8888
8889
889
8891
8897
8899
89
890
8900
8901
8903
8905
8906
891
8910
8912
8913
8917
8918
8919
8921
8922
8923
8924
8925
8926
8927
8929
893
8930
8932
8933
8934
8936
8937
8938
894
8941
8942
8944
8945
8946
8947
8948
8949
895
8954
8955
8957
8960
8961
8963
8964
8965
8968
897
8970
8971
8973
8976
8977
8978
8979
8980
8981
8982
8983
8984
8987
8988
899
8990
8993
8994
8995
8996
8997
8998
8999
900
9000
9001
9003
9005
9007
9009
901
9010
9012
9013
9015
9017
9019
902
9020
9021
9022
9024
9025
9026
9029
903
9030
9031
9034
9035
9036
9037
9038
9039
904
9040
9041
9043
9044
9045
9049
905
9050
9051
9053
9054
9056
9058
906
9060
9061
9063
9064
9067
9068
9069
9071
9072
9074
9075
9077
9078
908
9083
9084
9085
9086
9087
9089
909
9090
9091
9094
9095
9097
9099
91
910
9100
9101
9102
9103
9105
9107
9110
9111
9112
9114
9115
9118
9119
912
9121
9123
9124
9127
9128
9129
9130
9131
9132
9133
9135
9136
9137
9138
9139
914
9140
9144
9145
9146
9148
9149
9150
9151
9155
9156
9157
9158
9159
9160
9161
9162
9163
9165
9171
9172
9173
9177
9178
918
9180
9182
9184
9185
9186
9187
9189
919
9190
9191
9194
9196
9197
9198
9199
9200
9201
9202
9203
9205
9207
9209
9210
9211
9212
9213
9215
9216
9217
9218
922
9220
9221
9223
9224
9226
9227
9228
9229
923
9230
9231
9232
9233
9234
9235
9236
9238
9239
9242
9243
9244
9245
9246
9247
9248
9249
9250
9251
9253
9256
9257
9264
9265
9266
9267
9268
9269
9272
9274
9275
9277
9278
928
9280
9281
9282
9284
9285
9288
9289
929
9293
9294
9295
9296
9297
9298
9299
930
9302
9306
9307
9308
9312
9313
9315
9317
9318
9319
9321
9322
9324
9325
9326
9328
9329
9330
9331
9335
9337
9338
9339
9340
9342
9344
9347
9348
9350
9351
9353
9355
9356
9357
9359
9360
9361
9363
9364
9365
9366
9367
9369
9370
9371
9372
9373
9378
938
9380
9381
9382
9385
9386
9390
9391
9392
9395
9396
9399
94
9400
9401
9402
9403
9404
9405
9407
9408
9409
941
9410
9411
9412
9413
9415
9416
9417
9418
9419
9420
9421
9422
9423
9424
9425
9428
9429
943
9431
9432
9434
9435
9438
944
9440
9443
9444
9445
9446
9448
945
9450
9451
9453
9454
9455
9458
9460
9462
9463
9464
9465
9466
9468
9469
947
9471
9473
9475
9477
9478
948
9480
9482
9484
9486
9489
9491
9492
9495
9496
9498
9499
95
950
9500
9501
9506
9509
951
9511
9513
9515
9516
9518
9519
952
9520
9521
9524
9525
9526
9527
9528
9529
953
9530
9532
9535
9536
9538
954
9540
9541
9542
9543
9544
9545
9546
9548
955
9551
9554
9555
9557
9559
9560
9562
9565
9567
9569
9570
9571
9573
9576
9578
9579
958
9580
9581
9582
9584
9587
9589
959
9591
9592
9594
9596
9597
9598
9599
960
9600
9601
9602
9604
9605
9606
9610
9611
9613
9614
9615
9616
9617
9618
9619
9620
9621
9622
9623
9624
9625
9626
9627
9628
963
9630
9633
9634
9635
9636
964
9640
9641
9642
9643
9645
9647
965
9651
9655
9656
9657
9658
9663
9664
9665
9667
9668
9671
9673
9674
9675
9677
9679
9680
9681
9683
9684
9685
9686
9687
9688
9689
9690
9691
9692
9695
9697
9698
9700
9702
9704
9706
9708
9709
9711
9712
9713
9715
9718
972
9720
9721
9722
9724
9725
9726
9727
9728
973
9731
9732
9733
9735
9736
9740
9744
9745
9746
9747
9748
975
9750
9751
9752
9757
9759
976
9762
9764
9767
9769
977
9771
9772
9773
9774
9775
9776
9777
9778
9782
9783
9784
9785
9787
9790
9791
9792
9793
9795
9796
9797
9798
980
9800
9801
9803
9804
9805
9806
9807
9808
9809
9810
9811
9813
9816
9817
9820
9821
9822
9823
9825
9826
9829
9830
9832
9833
9834
9835
9837
9839
984
9840
9842
9843
9844
9846
9847
9848
985
9850
9851
9852
9853
9854
9856
9857
9858
986
9860
9861
9862
9863
9864
9865
9868
9870
9871
9872
9873
9875
9877
9878
9879
988
9880
9881
9882
9883
9884
9885
9887
9888
9889
989
9892
9893
9894
9895
9897
9898
990
9901
9902
9905
9906
9907
9908
9909
9910
9912
9913
9918
9919
992
9920
9921
9923
9924
9925
9926
9928
9929
993
9930
9931
9934
9936
9937
9939
994
9940
9941
9942
9943
9944
9945
9948
9949
9952
9953
9955
9956
9957
9958
9959
9960
9961
9964
9965
9966
9968
997
9971
9972
9973
9974
9975
9980
9981
9982
9983
9984
9985
9986
9987
9990
9991
9994
9995
9997
9999
